{
 "cells": [
  {
   "cell_type": "code",
   "execution_count": 1,
   "metadata": {},
   "outputs": [],
   "source": [
    "import sys\n",
    "import os\n",
    "\n",
    "import pandas as pd\n",
    "import numpy as np\n",
    "from scipy.stats import pearsonr\n",
    "import matplotlib.pyplot as plt\n",
    "import plotly.graph_objects as go\n",
    "\n",
    "module_path = os.path.abspath(os.path.join(\"../src\"))\n",
    "if module_path not in sys.path:\n",
    "    sys.path.append(module_path)\n",
    "\n",
    "from data import Data"
   ]
  },
  {
   "cell_type": "code",
   "execution_count": 2,
   "metadata": {},
   "outputs": [],
   "source": [
    "data_dir = \"../data/\"\n",
    "clean_data_dir = os.path.abspath(os.path.join(data_dir, \"clean_data\"))"
   ]
  },
  {
   "cell_type": "code",
   "execution_count": 2,
   "metadata": {},
   "outputs": [],
   "source": [
    "def get_correlation_matrix(data):\n",
    "    # Calculate the partial correlation matrix\n",
    "    corr_matrix = data.corr()\n",
    "    partial_corr_matrix = pd.DataFrame(\n",
    "        np.zeros_like(corr_matrix), columns=corr_matrix.columns, index=corr_matrix.index\n",
    "    )\n",
    "    for i in range(len(partial_corr_matrix.columns)):\n",
    "        for j in range(i + 1, len(partial_corr_matrix.index)):\n",
    "            control_variables = [\n",
    "                x\n",
    "                for x in corr_matrix.index\n",
    "                if x\n",
    "                not in [partial_corr_matrix.index[j], partial_corr_matrix.columns[i]]\n",
    "            ]\n",
    "            partial_corr = pearsonr(\n",
    "                data[partial_corr_matrix.index[j]]\n",
    "                - data[control_variables].mean(axis=1),\n",
    "                data[partial_corr_matrix.columns[i]]\n",
    "                - data[control_variables].mean(axis=1),\n",
    "            )[0]\n",
    "            partial_corr_matrix.iloc[j, i] = partial_corr\n",
    "            partial_corr_matrix.iloc[i, j] = partial_corr\n",
    "\n",
    "    # Plot the partial correlation matrix as a heatmap using Plotly\n",
    "    fig = go.Figure(\n",
    "        data=go.Heatmap(\n",
    "            z=partial_corr_matrix,\n",
    "            x=partial_corr_matrix.columns,\n",
    "            y=partial_corr_matrix.index,\n",
    "            colorscale=\"RdBu\",\n",
    "            zmid=0,\n",
    "            zmin=-1,\n",
    "            zmax=1,\n",
    "            hovertemplate=\"Variable 1: %{x}<br>Variable 2: %{y}<br>Partial Correlation: %{z:.2f}<extra></extra>\",\n",
    "        )\n",
    "    )\n",
    "\n",
    "    fig.update_layout(\n",
    "        title=\"Partial Correlation Matrix of Hydrological Inflow Variables\",\n",
    "        xaxis_title=\"Variable 1\",\n",
    "        yaxis_title=\"Variable 2\",\n",
    "        xaxis=dict(side=\"top\"),\n",
    "        yaxis=dict(autorange=\"reversed\"),\n",
    "        width=800,\n",
    "        height=800,\n",
    "        margin=dict(t=100),\n",
    "    )\n",
    "\n",
    "    fig.show()"
   ]
  },
  {
   "cell_type": "code",
   "execution_count": 3,
   "metadata": {},
   "outputs": [
    {
     "data": {
      "application/vnd.plotly.v1+json": {
       "config": {
        "plotlyServerURL": "https://plot.ly"
       },
       "data": [
        {
         "colorscale": [
          [
           0,
           "rgb(103,0,31)"
          ],
          [
           0.1,
           "rgb(178,24,43)"
          ],
          [
           0.2,
           "rgb(214,96,77)"
          ],
          [
           0.3,
           "rgb(244,165,130)"
          ],
          [
           0.4,
           "rgb(253,219,199)"
          ],
          [
           0.5,
           "rgb(247,247,247)"
          ],
          [
           0.6,
           "rgb(209,229,240)"
          ],
          [
           0.7,
           "rgb(146,197,222)"
          ],
          [
           0.8,
           "rgb(67,147,195)"
          ],
          [
           0.9,
           "rgb(33,102,172)"
          ],
          [
           1,
           "rgb(5,48,97)"
          ]
         ],
         "hovertemplate": "Variable 1: %{x}<br>Variable 2: %{y}<br>Partial Correlation: %{z:.2f}<extra></extra>",
         "type": "heatmap",
         "x": [
          "Wind_Speed_Nilsebu",
          "Air_Temperature_Nilsebu",
          "Wind_Direction_Nilsebu",
          "Relative_Humidity_Nilsebu",
          "Air_Temperature_Fister",
          "Precipitation_Fister",
          "Flow_Lyngsvatn_Overflow",
          "Flow_Tapping",
          "Water_Level_Kalltveit",
          "Flow_Kalltveit",
          "Water_Temperature_Kalltveit_Kum",
          "Precipitation_Nilsebu",
          "Flow_HBV",
          "Precipitation_HBV",
          "Temperature_HBV",
          "Flow_Without_Tapping_Kalltveit",
          "Flow_Lyngsaana",
          "Water_Temperature_Lyngsaana"
         ],
         "y": [
          "Wind_Speed_Nilsebu",
          "Air_Temperature_Nilsebu",
          "Wind_Direction_Nilsebu",
          "Relative_Humidity_Nilsebu",
          "Air_Temperature_Fister",
          "Precipitation_Fister",
          "Flow_Lyngsvatn_Overflow",
          "Flow_Tapping",
          "Water_Level_Kalltveit",
          "Flow_Kalltveit",
          "Water_Temperature_Kalltveit_Kum",
          "Precipitation_Nilsebu",
          "Flow_HBV",
          "Precipitation_HBV",
          "Temperature_HBV",
          "Flow_Without_Tapping_Kalltveit",
          "Flow_Lyngsaana",
          "Water_Temperature_Lyngsaana"
         ],
         "z": [
          [
           0,
           0.68795078277883,
           -0.003476137133655588,
           0.22509776714439428,
           0.7380863986554096,
           0.9584581637664824,
           0.9558448181778216,
           0.9430186488945866,
           0.9615997252914803,
           0.6120616899695424,
           0.9196097268181536,
           0.9532761679201547,
           0.6600384652108935,
           0.9600525966183487,
           0.687624282110402,
           0.5999797214519146,
           0.8860659173976642,
           0.7373503883975996
          ],
          [
           0.68795078277883,
           0,
           -0.15974853302786424,
           0.11278687546819083,
           0.9797020295036636,
           0.7418168604316414,
           0.7368608751662757,
           0.7415320458500456,
           0.7424765171657673,
           0.4583622713645451,
           0.826838625134921,
           0.734802872851699,
           0.513159957607061,
           0.738710898689583,
           0.9976391730769281,
           0.4347302847054057,
           0.656304542680066,
           0.9556819077013426
          ],
          [
           -0.003476137133655588,
           -0.15974853302786424,
           0,
           0.0011169106155094759,
           -0.13694114484908426,
           0.009375761921468129,
           0.013597138593802677,
           -0.02004593008702325,
           0.020784235144350936,
           0.16084260165472175,
           -0.05321839374921427,
           0.030765787283914884,
           0.16813004182567975,
           0.03303465613469731,
           -0.15899769088732219,
           0.16970097102792264,
           0.15586152972144482,
           -0.07307643798674124
          ],
          [
           0.22509776714439428,
           0.11278687546819083,
           0.0011169106155094759,
           0,
           0.13578528256130507,
           0.21445928167327624,
           0.21598951251523757,
           0.22401037393221546,
           0.22152393715789584,
           0.09156296775389432,
           0.20651710656102462,
           0.21076546231944762,
           0.04902426623341744,
           0.21526083675831445,
           0.11747757955989789,
           0.08342121404654304,
           0.180427442428953,
           0.14764594261649525
          ],
          [
           0.7380863986554096,
           0.9797020295036636,
           -0.13694114484908426,
           0.13578528256130507,
           0,
           0.7837146525753004,
           0.7794486030589564,
           0.782859848958652,
           0.7853118476163709,
           0.47933813648729195,
           0.8610370794291873,
           0.7766497050188221,
           0.5381362650468295,
           0.7809150690382233,
           0.9773985924210821,
           0.45625132543149766,
           0.6930194601033733,
           0.9629482600607925
          ],
          [
           0.9584581637664824,
           0.7418168604316414,
           0.009375761921468129,
           0.21445928167327624,
           0.7837146525753004,
           0,
           0.9907458720686286,
           0.9778578971169772,
           0.9955909472224315,
           0.6168483325121191,
           0.9680407111801564,
           0.9864910749087489,
           0.6711631724062345,
           0.9931627248904602,
           0.7410060058049517,
           0.6035684031955934,
           0.9076492924286954,
           0.8047096844866402
          ],
          [
           0.9558448181778216,
           0.7368608751662757,
           0.013597138593802677,
           0.21598951251523757,
           0.7794486030589564,
           0.9907458720686286,
           0,
           0.979422652741439,
           0.9954879831050383,
           0.6114845291320802,
           0.9670604599562317,
           0.9825010232939295,
           0.6697589588439182,
           0.9898090330530827,
           0.7363155720301637,
           0.5965317962691274,
           0.904980698643206,
           0.8033753471655284
          ],
          [
           0.9430186488945866,
           0.7415320458500456,
           -0.02004593008702325,
           0.22401037393221546,
           0.782859848958652,
           0.9778578971169772,
           0.979422652741439,
           0,
           0.9829285390796652,
           0.5834192792047177,
           0.9633508025858527,
           0.9692118070792392,
           0.631876850944801,
           0.9765270444662077,
           0.7404651917718102,
           0.5538596174932207,
           0.8731439378005242,
           0.8114245298473914
          ],
          [
           0.9615997252914803,
           0.7424765171657673,
           0.020784235144350936,
           0.22152393715789584,
           0.7853118476163709,
           0.9955909472224315,
           0.9954879831050383,
           0.9829285390796652,
           0,
           0.6195979976491626,
           0.9714075314849522,
           0.9880228068993623,
           0.6755623320858765,
           0.9950840761124512,
           0.7418262868103207,
           0.6059544308766371,
           0.9104925842396889,
           0.8071178171667215
          ],
          [
           0.6120616899695424,
           0.4583622713645451,
           0.16084260165472175,
           0.09156296775389432,
           0.47933813648729195,
           0.6168483325121191,
           0.6114845291320802,
           0.5834192792047177,
           0.6195979976491626,
           0,
           0.5774316817126021,
           0.6404882993073326,
           0.9584092967728186,
           0.6384610074829122,
           0.45487878835102186,
           0.9914478907037962,
           0.8677042561688748,
           0.46066769697714177
          ],
          [
           0.9196097268181536,
           0.826838625134921,
           -0.05321839374921427,
           0.20651710656102462,
           0.8610370794291873,
           0.9680407111801564,
           0.9670604599562317,
           0.9633508025858527,
           0.9714075314849522,
           0.5774316817126021,
           0,
           0.9597960442676436,
           0.6394378716918092,
           0.9660175919425067,
           0.8257379085278844,
           0.5572369749392297,
           0.8678830836839764,
           0.8945633897996108
          ],
          [
           0.9532761679201547,
           0.734802872851699,
           0.030765787283914884,
           0.21076546231944762,
           0.7766497050188221,
           0.9864910749087489,
           0.9825010232939295,
           0.9692118070792392,
           0.9880228068993623,
           0.6404882993073326,
           0.9597960442676436,
           0,
           0.6894347622947502,
           0.9925388365577579,
           0.7338815431128187,
           0.6274487100236481,
           0.914402901911727,
           0.7949813014437043
          ],
          [
           0.6600384652108935,
           0.513159957607061,
           0.16813004182567975,
           0.04902426623341744,
           0.5381362650468295,
           0.6711631724062345,
           0.6697589588439182,
           0.631876850944801,
           0.6755623320858765,
           0.9584092967728186,
           0.6394378716918092,
           0.6894347622947502,
           0,
           0.6885440649115943,
           0.5095203724488935,
           0.9579962141190319,
           0.881480978271679,
           0.5264629707338822
          ],
          [
           0.9600525966183487,
           0.738710898689583,
           0.03303465613469731,
           0.21526083675831445,
           0.7809150690382233,
           0.9931627248904602,
           0.9898090330530827,
           0.9765270444662077,
           0.9950840761124512,
           0.6384610074829122,
           0.9660175919425067,
           0.9925388365577579,
           0.6885440649115943,
           0,
           0.7379645469455117,
           0.6252804817706898,
           0.9176620105466022,
           0.8002963865223438
          ],
          [
           0.687624282110402,
           0.9976391730769281,
           -0.15899769088732219,
           0.11747757955989789,
           0.9773985924210821,
           0.7410060058049517,
           0.7363155720301637,
           0.7404651917718102,
           0.7418262868103207,
           0.45487878835102186,
           0.8257379085278844,
           0.7338815431128187,
           0.5095203724488935,
           0.7379645469455117,
           0,
           0.4311365947862312,
           0.6547764955863763,
           0.9531216760192753
          ],
          [
           0.5999797214519146,
           0.4347302847054057,
           0.16970097102792264,
           0.08342121404654304,
           0.45625132543149766,
           0.6035684031955934,
           0.5965317962691274,
           0.5538596174932207,
           0.6059544308766371,
           0.9914478907037962,
           0.5572369749392297,
           0.6274487100236481,
           0.9579962141190319,
           0.6252804817706898,
           0.4311365947862312,
           0,
           0.863749427035144,
           0.4335318885485817
          ],
          [
           0.8860659173976642,
           0.656304542680066,
           0.15586152972144482,
           0.180427442428953,
           0.6930194601033733,
           0.9076492924286954,
           0.904980698643206,
           0.8731439378005242,
           0.9104925842396889,
           0.8677042561688748,
           0.8678830836839764,
           0.914402901911727,
           0.881480978271679,
           0.9176620105466022,
           0.6547764955863763,
           0.863749427035144,
           0,
           0.6932617921003024
          ],
          [
           0.7373503883975996,
           0.9556819077013426,
           -0.07307643798674124,
           0.14764594261649525,
           0.9629482600607925,
           0.8047096844866402,
           0.8033753471655284,
           0.8114245298473914,
           0.8071178171667215,
           0.46066769697714177,
           0.8945633897996108,
           0.7949813014437043,
           0.5264629707338822,
           0.8002963865223438,
           0.9531216760192753,
           0.4335318885485817,
           0.6932617921003024,
           0
          ]
         ],
         "zmax": 1,
         "zmid": 0,
         "zmin": -1
        }
       ],
       "layout": {
        "height": 800,
        "margin": {
         "t": 100
        },
        "template": {
         "data": {
          "bar": [
           {
            "error_x": {
             "color": "#2a3f5f"
            },
            "error_y": {
             "color": "#2a3f5f"
            },
            "marker": {
             "line": {
              "color": "#E5ECF6",
              "width": 0.5
             },
             "pattern": {
              "fillmode": "overlay",
              "size": 10,
              "solidity": 0.2
             }
            },
            "type": "bar"
           }
          ],
          "barpolar": [
           {
            "marker": {
             "line": {
              "color": "#E5ECF6",
              "width": 0.5
             },
             "pattern": {
              "fillmode": "overlay",
              "size": 10,
              "solidity": 0.2
             }
            },
            "type": "barpolar"
           }
          ],
          "carpet": [
           {
            "aaxis": {
             "endlinecolor": "#2a3f5f",
             "gridcolor": "white",
             "linecolor": "white",
             "minorgridcolor": "white",
             "startlinecolor": "#2a3f5f"
            },
            "baxis": {
             "endlinecolor": "#2a3f5f",
             "gridcolor": "white",
             "linecolor": "white",
             "minorgridcolor": "white",
             "startlinecolor": "#2a3f5f"
            },
            "type": "carpet"
           }
          ],
          "choropleth": [
           {
            "colorbar": {
             "outlinewidth": 0,
             "ticks": ""
            },
            "type": "choropleth"
           }
          ],
          "contour": [
           {
            "colorbar": {
             "outlinewidth": 0,
             "ticks": ""
            },
            "colorscale": [
             [
              0,
              "#0d0887"
             ],
             [
              0.1111111111111111,
              "#46039f"
             ],
             [
              0.2222222222222222,
              "#7201a8"
             ],
             [
              0.3333333333333333,
              "#9c179e"
             ],
             [
              0.4444444444444444,
              "#bd3786"
             ],
             [
              0.5555555555555556,
              "#d8576b"
             ],
             [
              0.6666666666666666,
              "#ed7953"
             ],
             [
              0.7777777777777778,
              "#fb9f3a"
             ],
             [
              0.8888888888888888,
              "#fdca26"
             ],
             [
              1,
              "#f0f921"
             ]
            ],
            "type": "contour"
           }
          ],
          "contourcarpet": [
           {
            "colorbar": {
             "outlinewidth": 0,
             "ticks": ""
            },
            "type": "contourcarpet"
           }
          ],
          "heatmap": [
           {
            "colorbar": {
             "outlinewidth": 0,
             "ticks": ""
            },
            "colorscale": [
             [
              0,
              "#0d0887"
             ],
             [
              0.1111111111111111,
              "#46039f"
             ],
             [
              0.2222222222222222,
              "#7201a8"
             ],
             [
              0.3333333333333333,
              "#9c179e"
             ],
             [
              0.4444444444444444,
              "#bd3786"
             ],
             [
              0.5555555555555556,
              "#d8576b"
             ],
             [
              0.6666666666666666,
              "#ed7953"
             ],
             [
              0.7777777777777778,
              "#fb9f3a"
             ],
             [
              0.8888888888888888,
              "#fdca26"
             ],
             [
              1,
              "#f0f921"
             ]
            ],
            "type": "heatmap"
           }
          ],
          "heatmapgl": [
           {
            "colorbar": {
             "outlinewidth": 0,
             "ticks": ""
            },
            "colorscale": [
             [
              0,
              "#0d0887"
             ],
             [
              0.1111111111111111,
              "#46039f"
             ],
             [
              0.2222222222222222,
              "#7201a8"
             ],
             [
              0.3333333333333333,
              "#9c179e"
             ],
             [
              0.4444444444444444,
              "#bd3786"
             ],
             [
              0.5555555555555556,
              "#d8576b"
             ],
             [
              0.6666666666666666,
              "#ed7953"
             ],
             [
              0.7777777777777778,
              "#fb9f3a"
             ],
             [
              0.8888888888888888,
              "#fdca26"
             ],
             [
              1,
              "#f0f921"
             ]
            ],
            "type": "heatmapgl"
           }
          ],
          "histogram": [
           {
            "marker": {
             "pattern": {
              "fillmode": "overlay",
              "size": 10,
              "solidity": 0.2
             }
            },
            "type": "histogram"
           }
          ],
          "histogram2d": [
           {
            "colorbar": {
             "outlinewidth": 0,
             "ticks": ""
            },
            "colorscale": [
             [
              0,
              "#0d0887"
             ],
             [
              0.1111111111111111,
              "#46039f"
             ],
             [
              0.2222222222222222,
              "#7201a8"
             ],
             [
              0.3333333333333333,
              "#9c179e"
             ],
             [
              0.4444444444444444,
              "#bd3786"
             ],
             [
              0.5555555555555556,
              "#d8576b"
             ],
             [
              0.6666666666666666,
              "#ed7953"
             ],
             [
              0.7777777777777778,
              "#fb9f3a"
             ],
             [
              0.8888888888888888,
              "#fdca26"
             ],
             [
              1,
              "#f0f921"
             ]
            ],
            "type": "histogram2d"
           }
          ],
          "histogram2dcontour": [
           {
            "colorbar": {
             "outlinewidth": 0,
             "ticks": ""
            },
            "colorscale": [
             [
              0,
              "#0d0887"
             ],
             [
              0.1111111111111111,
              "#46039f"
             ],
             [
              0.2222222222222222,
              "#7201a8"
             ],
             [
              0.3333333333333333,
              "#9c179e"
             ],
             [
              0.4444444444444444,
              "#bd3786"
             ],
             [
              0.5555555555555556,
              "#d8576b"
             ],
             [
              0.6666666666666666,
              "#ed7953"
             ],
             [
              0.7777777777777778,
              "#fb9f3a"
             ],
             [
              0.8888888888888888,
              "#fdca26"
             ],
             [
              1,
              "#f0f921"
             ]
            ],
            "type": "histogram2dcontour"
           }
          ],
          "mesh3d": [
           {
            "colorbar": {
             "outlinewidth": 0,
             "ticks": ""
            },
            "type": "mesh3d"
           }
          ],
          "parcoords": [
           {
            "line": {
             "colorbar": {
              "outlinewidth": 0,
              "ticks": ""
             }
            },
            "type": "parcoords"
           }
          ],
          "pie": [
           {
            "automargin": true,
            "type": "pie"
           }
          ],
          "scatter": [
           {
            "fillpattern": {
             "fillmode": "overlay",
             "size": 10,
             "solidity": 0.2
            },
            "type": "scatter"
           }
          ],
          "scatter3d": [
           {
            "line": {
             "colorbar": {
              "outlinewidth": 0,
              "ticks": ""
             }
            },
            "marker": {
             "colorbar": {
              "outlinewidth": 0,
              "ticks": ""
             }
            },
            "type": "scatter3d"
           }
          ],
          "scattercarpet": [
           {
            "marker": {
             "colorbar": {
              "outlinewidth": 0,
              "ticks": ""
             }
            },
            "type": "scattercarpet"
           }
          ],
          "scattergeo": [
           {
            "marker": {
             "colorbar": {
              "outlinewidth": 0,
              "ticks": ""
             }
            },
            "type": "scattergeo"
           }
          ],
          "scattergl": [
           {
            "marker": {
             "colorbar": {
              "outlinewidth": 0,
              "ticks": ""
             }
            },
            "type": "scattergl"
           }
          ],
          "scattermapbox": [
           {
            "marker": {
             "colorbar": {
              "outlinewidth": 0,
              "ticks": ""
             }
            },
            "type": "scattermapbox"
           }
          ],
          "scatterpolar": [
           {
            "marker": {
             "colorbar": {
              "outlinewidth": 0,
              "ticks": ""
             }
            },
            "type": "scatterpolar"
           }
          ],
          "scatterpolargl": [
           {
            "marker": {
             "colorbar": {
              "outlinewidth": 0,
              "ticks": ""
             }
            },
            "type": "scatterpolargl"
           }
          ],
          "scatterternary": [
           {
            "marker": {
             "colorbar": {
              "outlinewidth": 0,
              "ticks": ""
             }
            },
            "type": "scatterternary"
           }
          ],
          "surface": [
           {
            "colorbar": {
             "outlinewidth": 0,
             "ticks": ""
            },
            "colorscale": [
             [
              0,
              "#0d0887"
             ],
             [
              0.1111111111111111,
              "#46039f"
             ],
             [
              0.2222222222222222,
              "#7201a8"
             ],
             [
              0.3333333333333333,
              "#9c179e"
             ],
             [
              0.4444444444444444,
              "#bd3786"
             ],
             [
              0.5555555555555556,
              "#d8576b"
             ],
             [
              0.6666666666666666,
              "#ed7953"
             ],
             [
              0.7777777777777778,
              "#fb9f3a"
             ],
             [
              0.8888888888888888,
              "#fdca26"
             ],
             [
              1,
              "#f0f921"
             ]
            ],
            "type": "surface"
           }
          ],
          "table": [
           {
            "cells": {
             "fill": {
              "color": "#EBF0F8"
             },
             "line": {
              "color": "white"
             }
            },
            "header": {
             "fill": {
              "color": "#C8D4E3"
             },
             "line": {
              "color": "white"
             }
            },
            "type": "table"
           }
          ]
         },
         "layout": {
          "annotationdefaults": {
           "arrowcolor": "#2a3f5f",
           "arrowhead": 0,
           "arrowwidth": 1
          },
          "autotypenumbers": "strict",
          "coloraxis": {
           "colorbar": {
            "outlinewidth": 0,
            "ticks": ""
           }
          },
          "colorscale": {
           "diverging": [
            [
             0,
             "#8e0152"
            ],
            [
             0.1,
             "#c51b7d"
            ],
            [
             0.2,
             "#de77ae"
            ],
            [
             0.3,
             "#f1b6da"
            ],
            [
             0.4,
             "#fde0ef"
            ],
            [
             0.5,
             "#f7f7f7"
            ],
            [
             0.6,
             "#e6f5d0"
            ],
            [
             0.7,
             "#b8e186"
            ],
            [
             0.8,
             "#7fbc41"
            ],
            [
             0.9,
             "#4d9221"
            ],
            [
             1,
             "#276419"
            ]
           ],
           "sequential": [
            [
             0,
             "#0d0887"
            ],
            [
             0.1111111111111111,
             "#46039f"
            ],
            [
             0.2222222222222222,
             "#7201a8"
            ],
            [
             0.3333333333333333,
             "#9c179e"
            ],
            [
             0.4444444444444444,
             "#bd3786"
            ],
            [
             0.5555555555555556,
             "#d8576b"
            ],
            [
             0.6666666666666666,
             "#ed7953"
            ],
            [
             0.7777777777777778,
             "#fb9f3a"
            ],
            [
             0.8888888888888888,
             "#fdca26"
            ],
            [
             1,
             "#f0f921"
            ]
           ],
           "sequentialminus": [
            [
             0,
             "#0d0887"
            ],
            [
             0.1111111111111111,
             "#46039f"
            ],
            [
             0.2222222222222222,
             "#7201a8"
            ],
            [
             0.3333333333333333,
             "#9c179e"
            ],
            [
             0.4444444444444444,
             "#bd3786"
            ],
            [
             0.5555555555555556,
             "#d8576b"
            ],
            [
             0.6666666666666666,
             "#ed7953"
            ],
            [
             0.7777777777777778,
             "#fb9f3a"
            ],
            [
             0.8888888888888888,
             "#fdca26"
            ],
            [
             1,
             "#f0f921"
            ]
           ]
          },
          "colorway": [
           "#636efa",
           "#EF553B",
           "#00cc96",
           "#ab63fa",
           "#FFA15A",
           "#19d3f3",
           "#FF6692",
           "#B6E880",
           "#FF97FF",
           "#FECB52"
          ],
          "font": {
           "color": "#2a3f5f"
          },
          "geo": {
           "bgcolor": "white",
           "lakecolor": "white",
           "landcolor": "#E5ECF6",
           "showlakes": true,
           "showland": true,
           "subunitcolor": "white"
          },
          "hoverlabel": {
           "align": "left"
          },
          "hovermode": "closest",
          "mapbox": {
           "style": "light"
          },
          "paper_bgcolor": "white",
          "plot_bgcolor": "#E5ECF6",
          "polar": {
           "angularaxis": {
            "gridcolor": "white",
            "linecolor": "white",
            "ticks": ""
           },
           "bgcolor": "#E5ECF6",
           "radialaxis": {
            "gridcolor": "white",
            "linecolor": "white",
            "ticks": ""
           }
          },
          "scene": {
           "xaxis": {
            "backgroundcolor": "#E5ECF6",
            "gridcolor": "white",
            "gridwidth": 2,
            "linecolor": "white",
            "showbackground": true,
            "ticks": "",
            "zerolinecolor": "white"
           },
           "yaxis": {
            "backgroundcolor": "#E5ECF6",
            "gridcolor": "white",
            "gridwidth": 2,
            "linecolor": "white",
            "showbackground": true,
            "ticks": "",
            "zerolinecolor": "white"
           },
           "zaxis": {
            "backgroundcolor": "#E5ECF6",
            "gridcolor": "white",
            "gridwidth": 2,
            "linecolor": "white",
            "showbackground": true,
            "ticks": "",
            "zerolinecolor": "white"
           }
          },
          "shapedefaults": {
           "line": {
            "color": "#2a3f5f"
           }
          },
          "ternary": {
           "aaxis": {
            "gridcolor": "white",
            "linecolor": "white",
            "ticks": ""
           },
           "baxis": {
            "gridcolor": "white",
            "linecolor": "white",
            "ticks": ""
           },
           "bgcolor": "#E5ECF6",
           "caxis": {
            "gridcolor": "white",
            "linecolor": "white",
            "ticks": ""
           }
          },
          "title": {
           "x": 0.05
          },
          "xaxis": {
           "automargin": true,
           "gridcolor": "white",
           "linecolor": "white",
           "ticks": "",
           "title": {
            "standoff": 15
           },
           "zerolinecolor": "white",
           "zerolinewidth": 2
          },
          "yaxis": {
           "automargin": true,
           "gridcolor": "white",
           "linecolor": "white",
           "ticks": "",
           "title": {
            "standoff": 15
           },
           "zerolinecolor": "white",
           "zerolinewidth": 2
          }
         }
        },
        "title": {
         "text": "Partial Correlation Matrix of Hydrological Inflow Variables"
        },
        "width": 800,
        "xaxis": {
         "side": "top",
         "title": {
          "text": "Variable 1"
         }
        },
        "yaxis": {
         "autorange": "reversed",
         "title": {
          "text": "Variable 2"
         }
        }
       }
      }
     },
     "metadata": {},
     "output_type": "display_data"
    },
    {
     "data": {
      "application/vnd.plotly.v1+json": {
       "config": {
        "plotlyServerURL": "https://plot.ly"
       },
       "data": [
        {
         "colorscale": [
          [
           0,
           "rgb(103,0,31)"
          ],
          [
           0.1,
           "rgb(178,24,43)"
          ],
          [
           0.2,
           "rgb(214,96,77)"
          ],
          [
           0.3,
           "rgb(244,165,130)"
          ],
          [
           0.4,
           "rgb(253,219,199)"
          ],
          [
           0.5,
           "rgb(247,247,247)"
          ],
          [
           0.6,
           "rgb(209,229,240)"
          ],
          [
           0.7,
           "rgb(146,197,222)"
          ],
          [
           0.8,
           "rgb(67,147,195)"
          ],
          [
           0.9,
           "rgb(33,102,172)"
          ],
          [
           1,
           "rgb(5,48,97)"
          ]
         ],
         "hovertemplate": "Variable 1: %{x}<br>Variable 2: %{y}<br>Partial Correlation: %{z:.2f}<extra></extra>",
         "type": "heatmap",
         "x": [
          "Wind_Speed_Nilsebu",
          "Air_Temperature_Nilsebu",
          "Wind_Direction_Nilsebu",
          "Relative_Humidity_Nilsebu",
          "Water_Level_Lyngsaana",
          "Water_Temperature_Hiafossen",
          "Water_Level_Hiafossen",
          "Air_Temperature_Fister",
          "Precipitation_Fister",
          "Flow_Lyngsvatn_Overflow",
          "Flow_Tapping",
          "Water_Level_Kalltveit",
          "Flow_Kalltveit",
          "Water_Temperature_Kalltveit_Kum",
          "Precipitation_Nilsebu",
          "Flow_HBV",
          "Precipitation_HBV",
          "Temperature_HBV",
          "Flow_Without_Tapping_Kalltveit",
          "Flow_Lyngsaana",
          "Water_Temperature_Lyngsaana"
         ],
         "y": [
          "Wind_Speed_Nilsebu",
          "Air_Temperature_Nilsebu",
          "Wind_Direction_Nilsebu",
          "Relative_Humidity_Nilsebu",
          "Water_Level_Lyngsaana",
          "Water_Temperature_Hiafossen",
          "Water_Level_Hiafossen",
          "Air_Temperature_Fister",
          "Precipitation_Fister",
          "Flow_Lyngsvatn_Overflow",
          "Flow_Tapping",
          "Water_Level_Kalltveit",
          "Flow_Kalltveit",
          "Water_Temperature_Kalltveit_Kum",
          "Precipitation_Nilsebu",
          "Flow_HBV",
          "Precipitation_HBV",
          "Temperature_HBV",
          "Flow_Without_Tapping_Kalltveit",
          "Flow_Lyngsaana",
          "Water_Temperature_Lyngsaana"
         ],
         "z": [
          [
           0,
           0.6025589090767568,
           -0.01254342430116414,
           0.18253442327095828,
           0.9465963466380528,
           0.6565036949639146,
           0.9460299468699389,
           0.6570652962499295,
           0.9419953231567855,
           0.9455701304524972,
           0.9191248249098106,
           0.9465921584458314,
           0.5192149327925707,
           0.889059521725984,
           0.9411796033442332,
           0.5777549247233761,
           0.94493667145841,
           0.6021268545871138,
           0.5046027833599578,
           0.8489686979164501,
           0.6515193055558522
          ],
          [
           0.6025589090767568,
           0,
           -0.16204891079575234,
           0.06505517700666467,
           0.6679287810656428,
           0.9307750545249354,
           0.6724018127903667,
           0.9753231127398465,
           0.6695261320943023,
           0.6707881100194196,
           0.6708993457485772,
           0.6708577265806274,
           0.3390056296147563,
           0.782046959107138,
           0.6630463012175842,
           0.41366968762368167,
           0.6654855703066149,
           0.9962900289573005,
           0.31000546832397524,
           0.5553595832753193,
           0.9473839941753794
          ],
          [
           -0.01254342430116414,
           -0.16204891079575234,
           0,
           0.0120955691181681,
           0.013761251742178777,
           -0.09430246670837018,
           0.0097884401891348,
           -0.1399536682559504,
           -0.001601925543081792,
           0.001594023390824621,
           -0.038951908718555715,
           0.01190391169358872,
           0.1608372780764131,
           -0.06877232612617111,
           0.023854299176040965,
           0.17467912667052002,
           0.025964347276751433,
           -0.16096606202779454,
           0.1712713857179112,
           0.1600132212914138,
           -0.07876637703913161
          ],
          [
           0.18253442327095828,
           0.06505517700666467,
           0.0120955691181681,
           0,
           0.18437889627697318,
           0.08702126713163838,
           0.18546109140052539,
           0.08124685656470315,
           0.1794616046280915,
           0.18495165808768627,
           0.1844577552252861,
           0.1855945539169885,
           0.1070215696237211,
           0.16629855557899748,
           0.1822730296328229,
           0.059302093293499517,
           0.18272966122307335,
           0.07243373621335894,
           0.09716357511835873,
           0.17186097227474134,
           0.08382237825744678
          ],
          [
           0.9465963466380528,
           0.6679287810656428,
           0.013761251742178777,
           0.18437889627697318,
           0,
